frame_idx x1 y1 x2 y2 id conf cls gender age face_x1 face_y1 face_x2 face_y2 face_id
347 1534 30 1571 158 65 0 0 0 0 0 0 0 0 -1
348 1538 34 1581 152 65 0 0 0 0 0 0 0 0 -1
349 1540 37 1595 164 65 0 0 1 1 0 0 0 0 -1
350 1541 40 1607 171 65 0 0 1 1 0 0 0 0 -1
351 1552 46 1621 176 65 0 0 1 1 0 0 0 0 -1
352 1570 53 1631 178 65 0 0 1 1 0 0 0 0 -1
353 1580 61 1643 183 65 0 0 1 1 0 0 0 0 -1
354 1585 66 1657 189 65 0 0 1 1 0 0 0 0 -1
355 1611 70 1666 191 65 0 0 1 1 0 0 0 0 -1
356 1624 72 1676 191 65 0 0 1 1 0 0 0 0 -1
357 1628 73 1687 200 65 0 0 1 1 0 0 0 0 -1
358 1631 82 1697 207 65 0 0 1 1 0 0 0 0 -1
359 1645 85 1715 210 65 0 0 1 1 0 0 0 0 -1
360 1659 87 1728 211 65 0 0 1 1 0 0 0 0 -1
361 1667 89 1737 216 65 0 0 1 1 0 0 0 0 -1
362 1671 100 1745 220 65 0 0 1 1 0 0 0 0 -1
365 1705 114 1776 224 65 0 0 1 1 0 0 0 0 -1
366 1712 117 1786 227 65 0 0 1 1 0 0 0 0 -1
367 1736 123 1799 227 65 0 0 1 1 0 0 0 0 -1
368 1754 127 1813 230 65 0 0 1 1 0 0 0 0 -1
369 1762 131 1819 247 65 0 0 1 1 0 0 0 0 -1
428 1515 21 1573 162 79 0 0 0 0 0 0 0 0 -1
429 1518 27 1584 174 79 0 0 0 0 0 0 0 0 -1
430 1522 32 1596 183 0 0 0 0 0 0 0 0 0 -1
431 1526 39 1609 191 0 0 0 0 0 0 0 0 0 -1
432 1555 43 1619 195 0 0 0 0 0 0 0 0 0 -1
433 1566 45 1627 196 0 0 0 0 0 0 0 0 0 -1
434 1575 53 1635 197 0 0 0 0 0 0 0 0 0 -1
435 1577 63 1651 208 0 0 0 0 0 0 0 0 0 -1
436 1579 68 1658 216 0 0 0 0 0 0 0 0 0 -1
437 1584 75 1666 221 0 0 0 0 0 0 0 0 0 -1
438 1598 77 1678 224 0 0 0 0 0 0 0 0 0 -1
439 1619 76 1689 226 0 0 0 0 0 0 0 0 0 -1
440 1631 78 1696 233 0 0 0 0 0 0 0 0 0 -1
441 1634 88 1711 235 0 0 0 0 0 0 0 0 0 -1
442 1637 90 1726 241 0 0 0 0 0 0 0 0 0 -1
443 1663 90 1733 245 0 0 0 0 0 0 0 0 0 -1
445 1682 114 1745 249 0 0 0 0 0 0 0 0 0 -1
446 1686 120 1768 249 0 0 0 0 0 0 0 0 0 -1
447 1689 124 1777 247 0 0 0 0 0 0 0 0 0 -1
448 1689 135 1784 244 0 0 0 0 0 0 0 0 0 -1
452 1767 161 1822 269 98 0 0 0 0 0 0 0 0 -1
453 1778 167 1830 277 98 0 0 0 0 0 0 0 0 -1
454 1790 171 1844 289 0 0 0 0 0 0 0 0 0 -1
455 1800 178 1854 286 0 0 0 0 0 0 0 0 0 -1
456 1816 183 1872 285 0 0 0 0 0 0 0 0 0 -1
457 1832 197 1878 283 0 0 0 0 0 0 0 0 0 -1
460 1866 221 1902 305 0 0 0 0 0 0 0 0 0 -1
1958 1291 974 1472 1078 356 0 0 0 0 0 0 0 0 -1
1959 1286 933 1489 1078 356 0 0 0 0 0 0 0 0 -1
1960 1289 894 1506 1077 356 0 0 1 2 0 0 0 0 -1
1961 1292 843 1528 1077 356 0 0 1 2 0 0 0 0 -1
1962 1311 801 1540 1075 356 0 0 1 2 0 0 0 0 -1
1963 1320 757 1552 1074 356 0 0 1 2 0 0 0 0 -1
1964 1330 721 1558 1064 356 0 0 1 2 0 0 0 0 -1
1965 1354 677 1567 1022 356 0 0 1 2 0 0 0 0 -1
1966 1373 642 1576 965 356 0 0 1 2 0 0 0 0 -1
1967 1380 609 1585 935 356 0 0 1 2 0 0 0 0 -1
1968 1384 585 1591 921 356 0 0 1 2 0 0 0 0 -1
1969 1388 558 1600 897 356 0 0 1 2 0 0 0 0 -1
1970 1397 534 1609 857 356 0 0 1 2 0 0 0 0 -1
1971 1423 505 1617 819 356 0 0 1 2 0 0 0 0 -1
1972 1442 484 1620 805 356 0 0 1 2 0 0 0 0 -1
1973 1453 463 1621 793 356 0 0 1 2 0 0 0 0 -1
1974 1461 445 1622 778 356 0 0 1 2 0 0 0 0 -1
1975 1471 421 1626 734 356 0 0 1 2 0 0 0 0 -1
1976 1474 402 1628 698 356 0 0 1 2 0 0 0 0 -1
1977 1475 387 1632 686 356 0 0 1 2 0 0 0 0 -1
1978 1475 375 1634 674 356 0 0 1 2 0 0 0 0 -1
1979 1481 359 1641 647 356 0 0 1 2 0 0 0 0 -1
1980 1492 345 1644 617 0 0 0 0 0 0 0 0 0 -1
1981 1512 328 1649 605 0 0 0 0 0 0 0 0 0 -1
1982 1523 318 1651 600 0 0 0 0 0 0 0 0 0 -1
1983 1530 306 1651 590 0 0 0 0 0 0 0 0 0 -1
1984 1535 295 1652 570 0 0 0 0 0 0 0 0 0 -1
1985 1536 278 1660 538 0 0 0 0 0 0 0 0 0 -1
1986 1537 270 1662 526 0 0 0 0 0 0 0 0 0 -1
1987 1538 261 1665 516 0 0 0 0 0 0 0 0 0 -1
1988 1540 255 1665 507 0 0 0 0 0 0 0 0 0 -1
1989 1543 243 1665 476 0 0 0 0 0 0 0 0 0 -1
1990 1548 232 1667 461 0 0 0 0 0 0 0 0 0 -1
1991 1556 223 1669 458 0 0 0 0 0 0 0 0 0 -1
1992 1560 216 1668 456 0 0 0 0 0 0 0 0 0 -1
1993 1561 206 1661 436 0 0 0 0 0 0 0 0 0 -1
1994 1561 197 1659 415 0 0 0 0 0 0 0 0 0 -1
1995 1561 189 1657 405 0 0 0 0 0 0 0 0 0 -1
1996 1560 186 1656 399 0 0 0 0 0 0 0 0 0 -1
1997 1561 179 1655 392 0 0 0 0 0 0 0 0 0 -1
1998 1562 172 1656 373 0 0 0 0 0 0 0 0 0 -1
1999 1565 163 1655 362 0 0 0 0 0 0 0 0 0 -1
2000 1569 157 1655 359 0 0 0 0 0 0 0 0 0 -1
2001 1573 153 1654 354 0 0 0 0 0 0 0 0 0 -1
2002 1572 147 1652 347 0 0 0 0 0 0 0 0 0 -1
2003 1572 140 1650 329 0 0 0 0 0 0 0 0 0 -1
2004 1573 134 1649 321 0 0 0 0 0 0 0 0 0 -1
2005 1574 131 1648 316 0 0 0 0 0 0 0 0 0 -1
2006 1575 127 1647 312 0 0 0 0 0 0 0 0 0 -1
2007 1572 120 1644 296 0 0 0 0 0 0 0 0 0 -1
2008 1570 115 1642 287 0 0 0 0 0 0 0 0 0 -1
2009 1567 109 1642 277 0 0 0 0 0 0 0 0 0 -1
2010 1567 106 1640 278 0 0 0 0 0 0 0 0 0 -1
2011 1567 102 1636 272 0 0 0 0 0 0 0 0 0 -1
2012 1566 96 1632 259 0 0 0 0 0 0 0 0 0 -1
2013 1567 91 1630 251 0 0 0 0 0 0 0 0 0 -1
2014 1567 85 1629 247 0 0 0 0 0 0 0 0 0 -1
2015 1567 82 1628 244 0 0 0 0 0 0 0 0 0 -1
2016 1566 77 1628 231 0 0 0 0 0 0 0 0 0 -1
2017 1564 74 1627 224 0 0 0 0 0 0 0 0 0 -1
2018 1562 71 1625 221 0 0 0 0 0 0 0 0 0 -1
2019 1560 69 1623 221 0 0 0 0 0 0 0 0 0 -1
2020 1560 64 1619 216 0 0 0 0 0 0 0 0 0 -1
2021 1560 60 1616 208 0 0 0 0 0 0 0 0 0 -1
2022 1560 56 1613 199 0 0 0 0 0 0 0 0 0 -1
2023 1560 53 1611 194 0 0 0 0 0 0 0 0 0 -1
2024 1560 51 1609 192 0 0 0 0 0 0 0 0 0 -1
2025 1558 48 1606 189 0 0 0 0 0 0 0 0 0 -1
2026 1555 43 1607 179 0 0 0 0 0 0 0 0 0 -1
2027 1549 40 1604 175 0 0 0 0 0 0 0 0 0 -1
2028 1542 37 1601 174 0 0 0 0 0 0 0 0 0 -1
2029 1539 35 1597 171 0 0 0 0 0 0 0 0 0 -1
2030 1538 31 1591 164 0 0 0 0 0 0 0 0 0 -1
2031 1537 28 1588 158 0 0 0 0 0 0 0 0 0 -1
2032 1537 23 1584 152 0 0 0 0 0 0 0 0 0 -1
2033 1536 22 1581 150 0 0 0 0 0 0 0 0 0 -1
2034 1535 19 1578 148 0 0 0 0 0 0 0 0 0 -1
2035 1532 17 1576 144 0 0 0 0 0 0 0 0 0 -1
2779 1528 19 1574 155 409 0 0 0 0 0 0 0 0 -1
2780 1529 20 1576 156 409 0 0 0 0 0 0 0 0 -1
2781 1527 22 1577 156 409 0 0 1 1 0 0 0 0 -1
2782 1523 23 1573 157 409 0 0 1 1 0 0 0 0 -1
2783 1523 22 1571 157 409 0 0 1 1 0 0 0 0 -1
2784 1523 21 1563 157 409 0 0 1 1 0 0 0 0 -1
3344 1522 36 1590 179 423 0 0 0 0 0 0 0 0 -1
3345 1523 40 1598 185 423 0 0 0 0 0 0 0 0 -1
3346 1532 45 1604 187 0 0 0 0 0 0 0 0 0 -1
3347 1546 49 1607 188 0 0 0 0 0 0 0 0 0 -1
3348 1559 55 1611 200 0 0 0 0 0 0 0 0 0 -1
3349 1562 60 1614 208 0 0 0 0 0 0 0 0 0 -1
3350 1567 63 1620 211 0 0 0 0 0 0 0 0 0 -1
3351 1570 64 1624 212 0 0 0 0 0 0 0 0 0 -1
3352 1573 70 1627 220 0 0 0 0 0 0 0 0 0 -1
3353 1573 74 1629 230 0 0 0 0 0 0 0 0 0 -1
3354 1573 82 1632 237 0 0 0 0 0 0 0 0 0 -1
3355 1575 86 1636 239 0 0 0 0 0 0 0 0 0 -1
3356 1577 87 1647 241 0 0 0 0 0 0 0 0 0 -1
3357 1579 90 1649 248 0 0 0 0 0 0 0 0 0 -1
3358 1581 95 1648 258 0 0 0 0 0 0 0 0 0 -1
3359 1583 99 1647 264 0 0 0 0 0 0 0 0 0 -1
3360 1583 101 1649 265 0 0 0 0 0 0 0 0 0 -1
3361 1582 102 1648 269 0 0 0 0 0 0 0 0 0 -1
3362 1582 108 1648 282 0 0 0 0 0 0 0 0 0 -1
3363 1580 114 1648 291 0 0 0 0 0 0 0 0 0 -1
3364 1579 118 1648 295 0 0 0 0 0 0 0 0 0 -1
3365 1575 120 1648 297 0 0 0 0 0 0 0 0 0 -1
3366 1566 124 1648 301 409 0 0 1 1 0 0 0 0 -1
3367 1560 130 1647 309 409 0 0 1 1 0 0 0 0 -1
3368 1559 135 1644 316 409 0 0 1 1 0 0 0 0 -1
3369 1559 137 1643 320 409 0 0 1 1 0 0 0 0 -1
3370 1558 139 1643 326 409 0 0 1 1 0 0 0 0 -1
3371 1558 142 1640 338 409 0 0 1 1 0 0 0 0 -1
3372 1557 152 1639 342 409 0 0 1 1 0 0 0 0 -1
3373 1557 156 1638 355 409 0 0 1 1 0 0 0 0 -1
3374 1551 160 1638 359 409 0 0 1 1 0 0 0 0 -1
3375 1544 164 1639 363 409 0 0 1 1 0 0 0 0 -1
3376 1537 173 1642 379 409 0 0 1 1 0 0 0 0 -1
3377 1534 180 1641 390 409 0 0 1 1 0 0 0 0 -1
3378 1533 185 1637 394 409 0 0 1 1 0 0 0 0 -1
3379 1532 189 1633 397 409 0 0 1 1 0 0 0 0 -1
3380 1532 197 1628 420 409 0 0 1 1 0 0 0 0 -1
3381 1530 205 1626 435 409 0 0 1 1 0 0 0 0 -1
3382 1528 215 1623 443 409 0 0 1 1 0 0 0 0 -1
3383 1521 220 1626 446 409 0 0 1 1 0 0 0 0 -1
3384 1507 228 1631 451 409 0 0 1 1 0 0 0 0 -1
3385 1498 236 1632 469 409 0 0 1 1 0 0 0 0 -1
3386 1493 248 1618 484 0 0 0 0 0 0 0 0 0 -1
3387 1492 255 1615 489 0 0 0 0 0 0 0 0 0 -1
3388 1491 262 1608 498 0 0 0 0 0 0 0 0 0 -1
3389 1490 272 1602 524 0 0 0 0 0 0 0 0 0 -1
3390 1483 287 1599 550 0 0 0 0 0 0 0 0 0 -1
3391 1480 300 1595 561 0 0 0 0 0 0 0 0 0 -1
3392 1472 312 1593 565 0 0 0 0 0 0 0 0 0 -1
3393 1457 321 1591 570 0 0 0 0 0 0 0 0 0 -1
3394 1439 338 1587 602 0 0 0 0 0 0 0 0 0 -1
3395 1430 351 1582 622 0 0 0 0 0 0 0 0 0 -1
3396 1426 365 1578 629 0 0 0 0 0 0 0 0 0 -1
3397 1423 376 1574 635 0 0 0 0 0 0 0 0 0 -1
3398 1423 397 1569 688 0 0 0 0 0 0 0 0 0 -1
3399 1417 416 1591 722 0 0 0 0 0 0 0 0 0 -1
3400 1406 439 1573 736 0 0 0 0 0 0 0 0 0 -1
3401 1405 455 1563 741 0 0 0 0 0 0 0 0 0 -1
3402 1380 477 1557 768 0 0 0 0 0 0 0 0 0 -1
3403 1358 497 1553 810 0 0 0 0 0 0 0 0 0 -1
3404 1346 524 1544 838 0 0 0 0 0 0 0 0 0 -1
3405 1341 545 1538 848 0 0 0 0 0 0 0 0 0 -1
3406 1329 571 1531 860 0 0 0 0 0 0 0 0 0 -1
3407 1321 594 1524 915 0 0 0 0 0 0 0 0 0 -1
3408 1311 631 1515 973 0 0 0 0 0 0 0 0 0 -1
3409 1303 663 1517 998 0 0 0 0 0 0 0 0 0 -1
3410 1297 700 1508 1007 0 0 0 0 0 0 0 0 0 -1
3411 1279 732 1502 1010 0 0 0 0 0 0 0 0 0 -1
3412 1260 777 1494 1063 0 0 0 0 0 0 0 0 0 -1
3413 1253 811 1482 1080 0 0 0 0 0 0 0 0 0 -1
3414 1233 864 1467 1080 0 0 0 0 0 0 0 0 0 -1
3415 1201 905 1458 1080 0 0 0 0 0 0 0 0 0 -1
3416 1213 957 1445 1080 0 0 0 0 0 0 0 0 0 -1
3417 1233 998 1426 1080 0 0 0 0 0 0 0 0 0 -1
5865 1844 175 1916 328 466 0 0 0 0 0 0 0 0 -1
5866 1842 165 1906 314 466 0 0 0 0 0 0 0 0 -1
5867 1838 158 1895 299 466 0 0 1 2 0 0 0 0 -1
5874 1749 111 1821 265 468 0 0 0 0 0 0 0 0 -1
5875 1743 110 1811 262 468 0 0 0 0 0 0 0 0 -1
5876 1740 102 1794 237 466 0 0 1 2 0 0 0 0 -1
5877 1724 92 1782 228 466 0 0 1 2 0 0 0 0 -1
5878 1702 88 1773 222 466 0 0 1 2 0 0 0 0 -1
5879 1681 89 1768 219 466 0 0 1 2 0 0 0 0 -1
5880 1668 83 1752 216 466 0 0 1 2 0 0 0 0 -1
5881 1662 78 1740 215 466 0 0 1 2 0 0 0 0 -1
5882 1662 70 1728 209 466 0 0 1 2 0 0 0 0 -1
5883 1650 65 1715 209 466 0 0 1 2 0 0 0 0 -1
5884 1625 67 1704 208 466 0 0 1 2 0 0 0 0 -1
5885 1610 65 1692 208 466 0 0 1 2 0 0 0 0 -1
5886 1604 57 1679 201 466 0 0 1 2 0 0 0 0 -1
5887 1603 48 1667 194 466 0 0 1 2 0 0 0 0 -1
5888 1590 50 1655 188 466 0 0 1 2 0 0 0 0 -1
5889 1569 44 1643 185 466 0 0 1 2 0 0 0 0 -1
5890 1549 37 1631 183 466 0 0 1 2 0 0 0 0 -1
5891 1541 31 1621 177 466 0 0 1 2 0 0 0 0 -1
5892 1539 24 1604 169 466 0 0 1 2 0 0 0 0 -1
5893 1537 19 1592 167 466 0 0 1 2 0 0 0 0 -1
5894 1515 15 1577 166 466 0 0 1 2 0 0 0 0 -1
5895 1516 11 1568 164 466 0 0 1 2 0 0 0 0 -1
6943 1528 15 1579 160 505 0 0 0 0 0 0 0 0 -1
6944 1525 19 1590 160 505 0 0 0 0 0 0 0 0 -1
6945 1529 22 1599 166 0 0 0 0 0 0 0 0 0 -1
6946 1531 27 1612 175 0 0 0 0 0 0 0 0 0 -1
6947 1533 33 1621 179 0 0 0 0 0 0 0 0 0 -1
6948 1544 41 1631 185 0 0 0 0 0 0 0 0 0 -1
6949 1559 48 1638 186 0 0 0 0 0 0 0 0 0 -1
6950 1579 46 1656 187 0 0 0 0 0 0 0 0 0 -1
6951 1586 47 1666 191 0 0 0 0 0 0 0 0 0 -1
6952 1589 55 1669 198 0 0 0 0 0 0 0 0 0 -1
6953 1595 59 1684 202 0 0 0 0 0 0 0 0 0 -1
6954 1608 60 1693 204 0 0 0 0 0 0 0 0 0 -1
6955 1625 60 1702 205 0 0 0 0 0 0 0 0 0 -1
6956 1637 65 1713 212 0 0 0 0 0 0 0 0 0 -1
6957 1643 68 1724 219 0 0 0 0 0 0 0 0 0 -1
6958 1647 75 1735 223 0 0 0 0 0 0 0 0 0 -1
6959 1656 81 1743 226 0 0 0 0 0 0 0 0 0 -1
6960 1675 85 1752 228 0 0 0 0 0 0 0 0 0 -1
6961 1689 88 1770 230 0 0 0 0 0 0 0 0 0 -1
6962 1694 89 1776 230 0 0 0 0 0 0 0 0 0 -1
6963 1696 89 1781 231 0 0 0 0 0 0 0 0 0 -1
6964 1700 96 1788 232 0 0 0 0 0 0 0 0 0 -1
6965 1709 103 1797 230 0 0 0 0 0 0 0 0 0 -1
6966 1726 108 1806 229 0 0 0 0 0 0 0 0 0 -1
6967 1744 109 1814 230 0 0 0 0 0 0 0 0 0 -1
6968 1749 113 1819 251 0 0 0 0 0 0 0 0 0 -1
6969 1751 119 1824 262 0 0 0 0 0 0 0 0 0 -1
6970 1757 117 1831 269 0 0 0 0 0 0 0 0 0 -1
6971 1763 128 1837 271 0 0 0 0 0 0 0 0 0 -1
6972 1774 132 1861 269 0 0 0 0 0 0 0 0 0 -1
6973 1785 149 1852 271 0 0 0 0 0 0 0 0 0 -1
6974 1787 150 1860 277 0 0 0 0 0 0 0 0 0 -1
6975 1788 150 1870 283 0 0 0 0 0 0 0 0 0 -1
6976 1794 153 1887 285 0 0 0 0 0 0 0 0 0 -1
6977 1802 156 1895 285 0 0 0 0 0 0 0 0 0 -1
6978 1817 166 1896 288 0 0 0 0 0 0 0 0 0 -1
6979 1827 164 1901 289 0 0 0 0 0 0 0 0 0 -1
6980 1831 183 1896 306 0 0 0 0 0 0 0 0 0 -1
6981 1831 179 1907 313 0 0 0 0 0 0 0 0 0 -1
6982 1836 185 1916 317 0 0 0 0 0 0 0 0 0 -1
6983 1858 184 1920 318 0 0 0 0 0 0 0 0 0 -1
6984 1867 190 1920 320 0 0 0 0 0 0 0 0 0 -1
6985 1870 199 1920 320 0 0 0 0 0 0 0 0 0 -1
6986 1872 211 1920 325 0 0 0 0 0 0 0 0 0 -1
7067 1848 267 1918 419 519 0 0 0 0 0 0 0 0 -1
7068 1848 240 1918 404 519 0 0 0 0 0 0 0 0 -1
7069 1838 226 1919 398 519 0 0 0 1 0 0 0 0 -1
7070 1820 223 1918 396 519 0 0 0 1 0 0 0 0 -1
7071 1808 221 1914 393 519 0 0 0 1 0 0 0 0 -1
7072 1804 219 1908 383 519 0 0 0 1 0 0 0 0 -1
7073 1804 213 1904 374 519 0 0 0 1 0 0 0 0 -1
7074 1802 207 1899 371 519 0 0 0 1 0 0 0 0 -1
7075 1804 204 1894 369 519 0 0 0 1 0 0 0 0 -1
7079 1819 197 1877 300 522 0 0 0 0 0 0 0 0 -1
7080 1819 197 1877 300 522 0 0 0 0 0 0 0 0 -1
7081 1819 197 1877 300 522 0 0 0 1 0 0 0 0 -1
7082 1819 197 1877 300 522 0 0 0 1 0 0 0 0 -1
7083 1819 197 1877 300 522 0 0 0 1 0 0 0 0 -1
7084 1819 197 1877 300 522 0 0 0 1 0 0 0 0 -1
7085 1819 197 1877 300 522 0 0 0 1 0 0 0 0 -1
7086 1819 197 1877 300 522 0 0 0 1 0 0 0 0 -1
7087 1819 197 1877 300 522 0 0 0 1 0 0 0 0 -1
7088 1817 195 1875 303 522 0 0 0 1 0 0 0 0 -1
7089 1816 194 1873 304 522 0 0 0 1 0 0 0 0 -1
7090 1816 193 1873 305 522 0 0 0 1 0 0 0 0 -1
7091 1816 193 1872 306 522 0 0 0 1 0 0 0 0 -1
7092 1816 193 1872 306 522 0 0 0 1 0 0 0 0 -1
7093 1816 193 1872 307 522 0 0 0 1 0 0 0 0 -1
7094 1816 194 1872 307 522 0 0 0 1 0 0 0 0 -1
7095 1816 193 1872 307 522 0 0 0 1 0 0 0 0 -1
7096 1816 193 1872 307 522 0 0 0 1 0 0 0 0 -1
7097 1816 193 1872 307 522 0 0 0 1 0 0 0 0 -1
7098 1816 193 1872 307 522 0 0 0 1 0 0 0 0 -1
7099 1816 194 1872 307 522 0 0 0 1 0 0 0 0 -1
7100 1816 194 1872 308 522 0 0 0 1 0 0 0 0 -1
7101 1816 194 1872 307 0 0 0 0 0 0 0 0 0 -1
7102 1816 194 1872 307 0 0 0 0 0 0 0 0 0 -1
7103 1816 194 1872 307 0 0 0 0 0 0 0 0 0 -1
7104 1816 194 1872 307 0 0 0 0 0 0 0 0 0 -1
7105 1816 194 1872 307 0 0 0 0 0 0 0 0 0 -1
7106 1816 194 1872 307 0 0 0 0 0 0 0 0 0 -1
7107 1816 193 1872 307 0 0 0 0 0 0 0 0 0 -1
7108 1816 193 1872 308 0 0 0 0 0 0 0 0 0 -1
7109 1816 194 1871 308 0 0 0 0 0 0 0 0 0 -1
7110 1816 194 1871 308 0 0 0 0 0 0 0 0 0 -1
7111 1816 194 1871 308 0 0 0 0 0 0 0 0 0 -1
7112 1816 194 1871 308 0 0 0 0 0 0 0 0 0 -1
7113 1816 193 1872 307 0 0 0 0 0 0 0 0 0 -1
7114 1816 194 1871 308 0 0 0 0 0 0 0 0 0 -1
7115 1816 193 1871 308 0 0 0 0 0 0 0 0 0 -1
7116 1816 193 1871 308 0 0 0 0 0 0 0 0 0 -1
7117 1816 193 1871 308 0 0 0 0 0 0 0 0 0 -1
7118 1816 193 1872 308 0 0 0 0 0 0 0 0 0 -1
7119 1816 193 1872 307 0 0 0 0 0 0 0 0 0 -1
7120 1816 193 1872 307 0 0 0 0 0 0 0 0 0 -1
7121 1816 193 1872 307 0 0 0 0 0 0 0 0 0 -1
7122 1816 193 1872 307 0 0 0 0 0 0 0 0 0 -1
7123 1816 193 1872 307 0 0 0 0 0 0 0 0 0 -1
7124 1816 193 1872 307 0 0 0 0 0 0 0 0 0 -1
7125 1816 193 1872 307 0 0 0 0 0 0 0 0 0 -1
7126 1816 194 1872 307 0 0 0 0 0 0 0 0 0 -1
7127 1816 193 1872 307 0 0 0 0 0 0 0 0 0 -1
7128 1816 194 1872 307 0 0 0 0 0 0 0 0 0 -1
7129 1816 195 1872 308 0 0 0 0 0 0 0 0 0 -1
7130 1816 195 1872 308 0 0 0 0 0 0 0 0 0 -1
7131 1816 195 1872 308 0 0 0 0 0 0 0 0 0 -1
7132 1815 195 1872 308 0 0 0 0 0 0 0 0 0 -1
7133 1815 195 1872 308 0 0 0 0 0 0 0 0 0 -1
7134 1815 195 1872 308 0 0 0 0 0 0 0 0 0 -1
7135 1815 195 1872 308 0 0 0 0 0 0 0 0 0 -1
7136 1816 195 1872 308 0 0 0 0 0 0 0 0 0 -1
7137 1816 195 1872 308 0 0 0 0 0 0 0 0 0 -1
7138 1816 195 1872 308 0 0 0 0 0 0 0 0 0 -1
7139 1815 195 1872 308 0 0 0 0 0 0 0 0 0 -1
7140 1815 195 1872 308 0 0 0 0 0 0 0 0 0 -1
7141 1815 195 1872 308 0 0 0 0 0 0 0 0 0 -1
7142 1815 195 1872 308 0 0 0 0 0 0 0 0 0 -1
7143 1815 195 1872 308 0 0 0 0 0 0 0 0 0 -1
7144 1815 195 1872 308 0 0 0 0 0 0 0 0 0 -1
7145 1815 195 1872 308 0 0 0 0 0 0 0 0 0 -1
7146 1815 195 1873 308 0 0 0 0 0 0 0 0 0 -1
7147 1815 195 1873 308 0 0 0 0 0 0 0 0 0 -1
7148 1815 196 1873 308 0 0 0 0 0 0 0 0 0 -1
7149 1815 196 1873 308 0 0 0 0 0 0 0 0 0 -1
7150 1815 196 1873 308 0 0 0 0 0 0 0 0 0 -1
7151 1816 196 1873 309 0 0 0 0 0 0 0 0 0 -1
7152 1816 196 1873 309 0 0 0 0 0 0 0 0 0 -1
7153 1816 196 1873 309 0 0 0 0 0 0 0 0 0 -1
7154 1815 196 1873 309 0 0 0 0 0 0 0 0 0 -1
7155 1815 196 1873 309 0 0 0 0 0 0 0 0 0 -1
7156 1816 196 1873 309 0 0 0 0 0 0 0 0 0 -1
7157 1815 196 1873 309 0 0 0 0 0 0 0 0 0 -1
7158 1815 196 1873 309 0 0 0 0 0 0 0 0 0 -1
7159 1815 195 1874 309 0 0 0 0 0 0 0 0 0 -1
7160 1815 194 1874 309 0 0 0 0 0 0 0 0 0 -1
7161 1815 194 1874 309 0 0 0 0 0 0 0 0 0 -1
7162 1815 194 1874 309 0 0 0 0 0 0 0 0 0 -1
7163 1815 194 1874 309 0 0 0 0 0 0 0 0 0 -1
7164 1815 194 1874 309 0 0 0 0 0 0 0 0 0 -1
7165 1815 194 1874 309 0 0 0 0 0 0 0 0 0 -1
7166 1815 194 1874 309 0 0 0 0 0 0 0 0 0 -1
7167 1815 194 1874 309 0 0 0 0 0 0 0 0 0 -1
7168 1815 193 1874 309 0 0 0 0 0 0 0 0 0 -1
7169 1815 195 1874 309 0 0 0 0 0 0 0 0 0 -1
7170 1815 196 1874 309 0 0 0 0 0 0 0 0 0 -1
7171 1815 196 1874 309 0 0 0 0 0 0 0 0 0 -1
7172 1815 195 1874 309 0 0 0 0 0 0 0 0 0 -1
7173 1815 195 1873 309 0 0 0 0 0 0 0 0 0 -1
7174 1815 196 1874 309 0 0 0 0 0 0 0 0 0 -1
7175 1815 196 1874 309 0 0 0 0 0 0 0 0 0 -1
7176 1815 196 1873 309 0 0 0 0 0 0 0 0 0 -1
7177 1815 196 1873 309 0 0 0 0 0 0 0 0 0 -1
7178 1815 195 1873 309 0 0 0 0 0 0 0 0 0 -1
7179 1815 195 1873 308 0 0 0 0 0 0 0 0 0 -1
7180 1815 195 1873 308 0 0 0 0 0 0 0 0 0 -1
7181 1815 195 1873 308 0 0 0 0 0 0 0 0 0 -1
7182 1815 195 1873 308 0 0 0 0 0 0 0 0 0 -1
7183 1814 195 1873 308 0 0 0 0 0 0 0 0 0 -1
7184 1814 195 1873 308 0 0 0 0 0 0 0 0 0 -1
7185 1815 194 1873 308 0 0 0 0 0 0 0 0 0 -1
7186 1815 194 1873 308 0 0 0 0 0 0 0 0 0 -1
7187 1815 194 1873 308 0 0 0 0 0 0 0 0 0 -1
7188 1815 195 1873 308 0 0 0 0 0 0 0 0 0 -1
7189 1815 195 1873 308 0 0 0 0 0 0 0 0 0 -1
7190 1816 195 1873 308 0 0 0 0 0 0 0 0 0 -1
7191 1816 194 1873 308 0 0 0 0 0 0 0 0 0 -1
7192 1816 195 1873 308 0 0 0 0 0 0 0 0 0 -1
7193 1816 195 1873 309 0 0 0 0 0 0 0 0 0 -1
7194 1815 195 1873 308 0 0 0 0 0 0 0 0 0 -1
7195 1815 195 1873 308 0 0 0 0 0 0 0 0 0 -1
7196 1815 195 1873 308 0 0 0 0 0 0 0 0 0 -1
7197 1815 195 1874 308 0 0 0 0 0 0 0 0 0 -1
7198 1815 196 1874 308 0 0 0 0 0 0 0 0 0 -1
7199 1815 196 1874 308 0 0 0 0 0 0 0 0 0 -1
7200 1815 196 1874 308 0 0 0 0 0 0 0 0 0 -1
7201 1815 196 1874 308 0 0 0 0 0 0 0 0 0 -1
7202 1815 195 1874 308 0 0 0 0 0 0 0 0 0 -1
7203 1815 194 1874 308 0 0 0 0 0 0 0 0 0 -1
7204 1815 194 1874 309 0 0 0 0 0 0 0 0 0 -1
7205 1815 194 1874 309 0 0 0 0 0 0 0 0 0 -1
7206 1815 194 1874 309 0 0 0 0 0 0 0 0 0 -1
7207 1815 194 1874 309 0 0 0 0 0 0 0 0 0 -1
7208 1815 194 1874 309 0 0 0 0 0 0 0 0 0 -1
7209 1815 196 1873 308 0 0 0 0 0 0 0 0 0 -1
7210 1815 197 1873 308 0 0 0 0 0 0 0 0 0 -1
7211 1815 197 1873 308 0 0 0 0 0 0 0 0 0 -1
7212 1815 196 1873 308 0 0 0 0 0 0 0 0 0 -1
7213 1815 197 1873 308 0 0 0 0 0 0 0 0 0 -1
7214 1815 196 1873 308 0 0 0 0 0 0 0 0 0 -1
7215 1815 197 1872 308 0 0 0 0 0 0 0 0 0 -1
7216 1815 197 1872 308 0 0 0 0 0 0 0 0 0 -1
7217 1815 197 1872 308 0 0 0 0 0 0 0 0 0 -1
7218 1815 196 1872 308 0 0 0 0 0 0 0 0 0 -1
7219 1815 195 1873 308 0 0 0 0 0 0 0 0 0 -1
7220 1815 195 1873 308 0 0 0 0 0 0 0 0 0 -1
7221 1815 195 1873 309 0 0 0 0 0 0 0 0 0 -1
7222 1815 195 1873 309 0 0 0 0 0 0 0 0 0 -1
7223 1815 195 1873 309 0 0 0 0 0 0 0 0 0 -1
7224 1815 195 1873 309 0 0 0 0 0 0 0 0 0 -1
7225 1815 195 1873 309 0 0 0 0 0 0 0 0 0 -1
7226 1815 195 1873 308 0 0 0 0 0 0 0 0 0 -1
7227 1815 195 1873 308 0 0 0 0 0 0 0 0 0 -1
7228 1815 196 1873 308 0 0 0 0 0 0 0 0 0 -1
7229 1815 196 1872 308 0 0 0 0 0 0 0 0 0 -1
7230 1815 195 1873 308 0 0 0 0 0 0 0 0 0 -1
7231 1815 195 1873 308 0 0 0 0 0 0 0 0 0 -1
7232 1815 195 1873 307 0 0 0 0 0 0 0 0 0 -1
7233 1815 195 1874 307 0 0 0 0 0 0 0 0 0 -1
7234 1816 195 1874 309 0 0 0 0 0 0 0 0 0 -1
7235 1817 194 1874 311 0 0 0 0 0 0 0 0 0 -1
7236 1818 194 1875 314 0 0 0 0 0 0 0 0 0 -1
7237 1810 196 1876 354 0 0 0 0 0 0 0 0 0 -1
7238 1814 197 1879 374 0 0 0 0 0 0 0 0 0 -1
7239 1818 200 1883 385 0 0 0 0 0 0 0 0 0 -1
7240 1820 205 1887 392 0 0 0 0 0 0 0 0 0 -1
7241 1821 210 1890 395 0 0 0 0 0 0 0 0 0 -1
7242 1821 213 1895 396 0 0 0 0 0 0 0 0 0 -1
7243 1804 214 1898 396 0 0 0 0 0 0 0 0 0 -1
7244 1807 216 1899 396 0 0 0 0 0 0 0 0 0 -1
7245 1808 219 1900 396 0 0 0 0 0 0 0 0 0 -1
7246 1807 222 1900 401 0 0 0 0 0 0 0 0 0 -1
7247 1808 225 1900 404 0 0 0 0 0 0 0 0 0 -1
7248 1808 226 1900 408 0 0 0 0 0 0 0 0 0 -1
7249 1808 229 1901 410 0 0 0 0 0 0 0 0 0 -1
7250 1807 231 1903 411 0 0 0 0 0 0 0 0 0 -1
7251 1807 233 1903 419 0 0 0 0 0 0 0 0 0 -1
7252 1808 236 1902 436 0 0 0 0 0 0 0 0 0 -1
7253 1807 241 1902 443 0 0 0 0 0 0 0 0 0 -1
7254 1806 248 1905 452 0 0 0 0 0 0 0 0 0 -1
7255 1805 252 1907 455 0 0 0 0 0 0 0 0 0 -1
7256 1808 253 1910 456 0 0 0 0 0 0 0 0 0 -1
7257 1810 255 1913 456 0 0 0 0 0 0 0 0 0 -1
7258 1811 258 1916 462 0 0 0 0 0 0 0 0 0 -1
7259 1812 262 1917 468 0 0 0 0 0 0 0 0 0 -1
7260 1812 269 1918 472 0 0 0 0 0 0 0 0 0 -1
7261 1811 273 1917 473 0 0 0 0 0 0 0 0 0 -1
7262 1811 275 1918 479 0 0 0 0 0 0 0 0 0 -1
7263 1812 279 1918 493 0 0 0 0 0 0 0 0 0 -1
7264 1812 286 1919 507 0 0 0 0 0 0 0 0 0 -1
7265 1813 293 1919 518 0 0 0 0 0 0 0 0 0 -1
7266 1812 300 1919 522 0 0 0 0 0 0 0 0 0 -1
7267 1814 304 1919 525 0 0 0 0 0 0 0 0 0 -1
7268 1815 310 1919 525 0 0 0 0 0 0 0 0 0 -1
7269 1817 314 1919 532 0 0 0 0 0 0 0 0 0 -1
7270 1820 321 1919 548 0 0 0 0 0 0 0 0 0 -1
7271 1823 328 1919 559 0 0 0 0 0 0 0 0 0 -1
7272 1824 336 1919 563 0 0 0 0 0 0 0 0 0 -1
7273 1825 347 1919 568 0 0 0 0 0 0 0 0 0 -1
7274 1824 367 1919 584 0 0 0 0 0 0 0 0 0 -1
7275 1824 379 1919 607 0 0 0 0 0 0 0 0 0 -1
7276 1824 394 1919 621 0 0 0 0 0 0 0 0 0 -1
7277 1824 402 1919 629 0 0 0 0 0 0 0 0 0 -1
7278 1833 413 1919 631 0 0 0 0 0 0 0 0 0 -1
7279 1838 419 1919 631 0 0 0 0 0 0 0 0 0 -1
7280 1845 422 1919 648 0 0 0 0 0 0 0 0 0 -1
7281 1851 422 1919 666 0 0 0 0 0 0 0 0 0 -1
7282 1853 421 1919 678 0 0 0 0 0 0 0 0 0 -1
7283 1853 417 1919 682 0 0 0 0 0 0 0 0 0 -1
7284 1855 492 1919 684 0 0 0 0 0 0 0 0 0 -1
7285 1855 535 1919 695 0 0 0 0 0 0 0 0 0 -1
7286 1855 564 1919 708 0 0 0 0 0 0 0 0 0 -1
7287 1855 574 1919 727 0 0 0 0 0 0 0 0 0 -1
7431 1793 527 1919 734 552 0 0 0 0 0 0 0 0 -1
7432 1776 504 1919 732 552 0 0 0 0 0 0 0 0 -1
7433 1767 470 1919 719 552 0 0 0 2 0 0 0 0 -1
7434 1765 431 1919 689 552 0 0 0 2 0 0 0 0 -1
7435 1765 410 1919 661 552 0 0 0 2 0 0 0 0 -1
7436 1766 393 1919 649 552 0 0 0 2 0 0 0 0 -1
7437 1763 383 1916 645 552 0 0 0 2 0 0 0 0 -1
7438 1758 370 1908 629 552 0 0 0 2 0 0 0 0 -1
7439 1758 359 1901 613 552 0 0 0 2 0 0 0 0 -1
7440 1746 345 1893 590 552 0 0 0 2 0 0 0 0 -1
7441 1729 334 1884 583 552 0 0 0 2 0 0 0 0 -1
7442 1718 323 1874 579 552 0 0 0 2 0 0 0 0 -1
7443 1710 314 1863 570 552 0 0 0 2 0 0 0 0 -1
7444 1707 302 1854 547 552 0 0 0 2 0 0 0 0 -1
7445 1706 290 1846 524 552 0 0 0 2 0 0 0 0 -1
7446 1706 280 1839 514 552 0 0 0 2 0 0 0 0 -1
7447 1702 273 1836 511 552 0 0 0 2 0 0 0 0 -1
7448 1698 262 1822 503 552 0 0 0 2 0 0 0 0 -1
7449 1697 254 1813 491 552 0 0 0 2 0 0 0 0 -1
7450 1688 241 1808 468 552 0 0 0 2 0 0 0 0 -1
7451 1675 233 1800 460 552 0 0 0 2 0 0 0 0 -1
7452 1657 223 1795 457 552 0 0 0 2 0 0 0 0 -1
7453 1650 217 1796 450 0 0 0 0 0 0 0 0 0 -1
7454 1648 209 1781 431 0 0 0 0 0 0 0 0 0 -1
7455 1647 203 1787 418 0 0 0 0 0 0 0 0 0 -1
7456 1646 198 1791 408 0 0 0 0 0 0 0 0 0 -1
7457 1647 194 1774 404 0 0 0 0 0 0 0 0 0 -1
7458 1647 191 1765 392 0 0 0 0 0 0 0 0 0 -1
7459 1642 189 1757 383 0 0 0 0 0 0 0 0 0 -1
7460 1637 185 1754 379 0 0 0 0 0 0 0 0 0 -1
7461 1631 181 1750 378 0 0 0 0 0 0 0 0 0 -1
7462 1631 176 1744 377 0 0 0 0 0 0 0 0 0 -1
7463 1628 173 1741 378 0 0 0 0 0 0 0 0 0 -1
7464 1628 171 1740 378 0 0 0 0 0 0 0 0 0 -1
7465 1628 169 1737 374 0 0 0 0 0 0 0 0 0 -1
7466 1628 167 1734 373 0 0 0 0 0 0 0 0 0 -1
7467 1628 166 1731 373 0 0 0 0 0 0 0 0 0 -1
7468 1628 165 1730 373 0 0 0 0 0 0 0 0 0 -1
7469 1628 165 1729 373 0 0 0 0 0 0 0 0 0 -1
7470 1627 165 1728 373 0 0 0 0 0 0 0 0 0 -1
7471 1627 166 1727 373 0 0 0 0 0 0 0 0 0 -1
7472 1627 166 1727 373 0 0 0 0 0 0 0 0 0 -1
7473 1627 166 1728 374 0 0 0 0 0 0 0 0 0 -1
7474 1628 166 1729 373 0 0 0 0 0 0 0 0 0 -1
7475 1628 165 1730 374 0 0 0 0 0 0 0 0 0 -1
7476 1629 165 1730 374 0 0 0 0 0 0 0 0 0 -1
7477 1629 165 1730 374 0 0 0 0 0 0 0 0 0 -1
7478 1629 165 1731 374 0 0 0 0 0 0 0 0 0 -1
7479 1629 165 1731 374 0 0 0 0 0 0 0 0 0 -1
7480 1629 165 1732 374 0 0 0 0 0 0 0 0 0 -1
7481 1629 165 1732 374 0 0 0 0 0 0 0 0 0 -1
7482 1629 165 1732 374 0 0 0 0 0 0 0 0 0 -1
7483 1629 165 1732 374 0 0 0 0 0 0 0 0 0 -1
7484 1629 165 1732 374 0 0 0 0 0 0 0 0 0 -1
7485 1629 165 1733 374 0 0 0 0 0 0 0 0 0 -1
7486 1629 166 1733 374 0 0 0 0 0 0 0 0 0 -1
7487 1629 166 1733 374 0 0 0 0 0 0 0 0 0 -1
7488 1629 167 1734 374 0 0 0 0 0 0 0 0 0 -1
7489 1629 166 1733 375 0 0 0 0 0 0 0 0 0 -1
7490 1630 166 1732 375 0 0 0 0 0 0 0 0 0 -1
7491 1630 166 1732 375 0 0 0 0 0 0 0 0 0 -1
7492 1629 166 1732 375 0 0 0 0 0 0 0 0 0 -1
7493 1629 166 1732 375 0 0 0 0 0 0 0 0 0 -1
7494 1629 166 1732 375 0 0 0 0 0 0 0 0 0 -1
7495 1629 166 1732 375 0 0 0 0 0 0 0 0 0 -1
7496 1629 166 1733 375 0 0 0 0 0 0 0 0 0 -1
7497 1629 167 1733 375 0 0 0 0 0 0 0 0 0 -1
7498 1628 168 1732 375 0 0 0 0 0 0 0 0 0 -1
7499 1629 167 1732 375 0 0 0 0 0 0 0 0 0 -1
7500 1629 167 1732 375 0 0 0 0 0 0 0 0 0 -1
7501 1629 167 1732 375 0 0 0 0 0 0 0 0 0 -1
7502 1629 167 1732 375 0 0 0 0 0 0 0 0 0 -1
7503 1629 167 1732 375 0 0 0 0 0 0 0 0 0 -1
7504 1629 167 1732 375 0 0 0 0 0 0 0 0 0 -1
7505 1629 167 1732 375 0 0 0 0 0 0 0 0 0 -1
7506 1629 167 1732 375 0 0 0 0 0 0 0 0 0 -1
7507 1629 167 1732 374 0 0 0 0 0 0 0 0 0 -1
7508 1629 167 1733 374 0 0 0 0 0 0 0 0 0 -1
7509 1629 168 1732 374 0 0 0 0 0 0 0 0 0 -1
7510 1629 167 1732 374 0 0 0 0 0 0 0 0 0 -1
7511 1628 168 1732 374 0 0 0 0 0 0 0 0 0 -1
7512 1628 168 1731 374 0 0 0 0 0 0 0 0 0 -1
7513 1628 168 1731 374 0 0 0 0 0 0 0 0 0 -1
7514 1629 168 1732 374 0 0 0 0 0 0 0 0 0 -1
7515 1629 167 1733 374 0 0 0 0 0 0 0 0 0 -1
7516 1629 167 1733 374 0 0 0 0 0 0 0 0 0 -1
7517 1629 167 1733 374 0 0 0 0 0 0 0 0 0 -1
7518 1629 167 1733 374 0 0 0 0 0 0 0 0 0 -1
7519 1628 168 1732 374 0 0 0 0 0 0 0 0 0 -1
7520 1628 168 1733 375 0 0 0 0 0 0 0 0 0 -1
7521 1628 168 1733 375 0 0 0 0 0 0 0 0 0 -1
7522 1628 167 1733 375 0 0 0 0 0 0 0 0 0 -1
7523 1628 167 1733 375 0 0 0 0 0 0 0 0 0 -1
7524 1628 167 1733 375 0 0 0 0 0 0 0 0 0 -1
7525 1628 167 1733 375 0 0 0 0 0 0 0 0 0 -1
7526 1629 167 1733 375 0 0 0 0 0 0 0 0 0 -1
7527 1629 167 1733 375 0 0 0 0 0 0 0 0 0 -1
7528 1628 168 1732 375 0 0 0 0 0 0 0 0 0 -1
7529 1628 168 1732 375 0 0 0 0 0 0 0 0 0 -1
7530 1628 168 1732 375 0 0 0 0 0 0 0 0 0 -1
7531 1628 167 1733 375 0 0 0 0 0 0 0 0 0 -1
7532 1628 167 1733 375 0 0 0 0 0 0 0 0 0 -1
7533 1628 167 1734 375 0 0 0 0 0 0 0 0 0 -1
7534 1629 167 1734 375 0 0 0 0 0 0 0 0 0 -1
7535 1629 167 1734 375 0 0 0 0 0 0 0 0 0 -1
7536 1629 167 1734 375 0 0 0 0 0 0 0 0 0 -1
7537 1629 167 1734 375 0 0 0 0 0 0 0 0 0 -1
7538 1629 167 1734 375 0 0 0 0 0 0 0 0 0 -1
7539 1629 167 1734 374 0 0 0 0 0 0 0 0 0 -1
7540 1629 167 1733 374 0 0 0 0 0 0 0 0 0 -1
7541 1629 167 1733 374 0 0 0 0 0 0 0 0 0 -1
7542 1629 168 1732 374 0 0 0 0 0 0 0 0 0 -1
7543 1629 167 1733 374 0 0 0 0 0 0 0 0 0 -1
7544 1629 167 1733 374 0 0 0 0 0 0 0 0 0 -1
7545 1629 167 1733 374 0 0 0 0 0 0 0 0 0 -1
7546 1629 168 1733 374 0 0 0 0 0 0 0 0 0 -1
7547 1629 168 1733 374 0 0 0 0 0 0 0 0 0 -1
7548 1629 168 1733 375 0 0 0 0 0 0 0 0 0 -1
7549 1629 167 1733 375 0 0 0 0 0 0 0 0 0 -1
7550 1629 167 1733 375 0 0 0 0 0 0 0 0 0 -1
7551 1629 167 1733 374 0 0 0 0 0 0 0 0 0 -1
7552 1629 167 1733 375 0 0 0 0 0 0 0 0 0 -1
7553 1629 167 1734 375 0 0 0 0 0 0 0 0 0 -1
7554 1629 168 1734 375 0 0 0 0 0 0 0 0 0 -1
7555 1629 168 1734 375 0 0 0 0 0 0 0 0 0 -1
7556 1629 167 1734 375 0 0 0 0 0 0 0 0 0 -1
7557 1628 167 1734 375 0 0 0 0 0 0 0 0 0 -1
7558 1628 167 1735 375 0 0 0 0 0 0 0 0 0 -1
7559 1628 167 1734 375 0 0 0 0 0 0 0 0 0 -1
7560 1629 167 1734 375 0 0 0 0 0 0 0 0 0 -1
7561 1629 167 1734 375 0 0 0 0 0 0 0 0 0 -1
7562 1629 167 1735 375 0 0 0 0 0 0 0 0 0 -1
7563 1629 168 1735 375 0 0 0 0 0 0 0 0 0 -1
7564 1629 168 1735 375 0 0 0 0 0 0 0 0 0 -1
7565 1629 168 1736 375 0 0 0 0 0 0 0 0 0 -1
7566 1628 169 1736 374 0 0 0 0 0 0 0 0 0 -1
7567 1628 169 1735 374 0 0 0 0 0 0 0 0 0 -1
7568 1627 169 1733 377 0 0 0 0 0 0 0 0 0 -1
7569 1623 168 1730 377 0 0 0 0 0 0 0 0 0 -1
7570 1617 163 1726 377 0 0 0 0 0 0 0 0 0 -1
7571 1615 159 1724 376 0 0 0 0 0 0 0 0 0 -1
7572 1614 153 1716 373 0 0 0 0 0 0 0 0 0 -1
7573 1614 146 1714 365 0 0 0 0 0 0 0 0 0 -1
7574 1614 143 1711 352 0 0 0 0 0 0 0 0 0 -1
7575 1613 140 1708 345 0 0 0 0 0 0 0 0 0 -1
7576 1613 137 1702 342 0 0 0 0 0 0 0 0 0 -1
7577 1611 136 1699 341 0 0 0 0 0 0 0 0 0 -1
7578 1607 134 1695 334 0 0 0 0 0 0 0 0 0 -1
7579 1603 129 1693 323 0 0 0 0 0 0 0 0 0 -1
7580 1598 124 1691 315 0 0 0 0 0 0 0 0 0 -1
7581 1592 124 1689 310 0 0 0 0 0 0 0 0 0 -1
7582 1591 122 1685 307 0 0 0 0 0 0 0 0 0 -1
7583 1589 110 1682 302 0 0 0 0 0 0 0 0 0 -1
7584 1589 105 1678 290 0 0 0 0 0 0 0 0 0 -1
7585 1590 102 1676 283 0 0 0 0 0 0 0 0 0 -1
7586 1589 102 1674 280 0 0 0 0 0 0 0 0 0 -1
7587 1590 101 1673 276 0 0 0 0 0 0 0 0 0 -1
7588 1588 96 1673 265 0 0 0 0 0 0 0 0 0 -1
7589 1586 91 1670 261 0 0 0 0 0 0 0 0 0 -1
7590 1582 88 1668 258 0 0 0 0 0 0 0 0 0 -1
7591 1581 85 1663 258 0 0 0 0 0 0 0 0 0 -1
7592 1580 81 1658 254 0 0 0 0 0 0 0 0 0 -1
7593 1578 79 1656 245 0 0 0 0 0 0 0 0 0 -1
7594 1579 79 1656 233 0 0 0 0 0 0 0 0 0 -1
7595 1580 71 1655 229 0 0 0 0 0 0 0 0 0 -1
7596 1576 65 1643 226 0 0 0 0 0 0 0 0 0 -1
7597 1574 59 1637 221 0 0 0 0 0 0 0 0 0 -1
7598 1568 54 1631 211 0 0 0 0 0 0 0 0 0 -1
7599 1561 49 1628 206 0 0 0 0 0 0 0 0 0 -1
7600 1551 44 1620 204 0 0 0 0 0 0 0 0 0 -1
7601 1545 41 1613 201 0 0 0 0 0 0 0 0 0 -1
7602 1542 36 1604 190 0 0 0 0 0 0 0 0 0 -1
7603 1541 31 1599 182 0 0 0 0 0 0 0 0 0 -1
7604 1532 28 1589 181 0 0 0 0 0 0 0 0 0 -1
7605 1528 25 1582 178 0 0 0 0 0 0 0 0 0 -1
7606 1522 20 1575 169 0 0 0 0 0 0 0 0 0 -1
7607 1518 16 1566 162 0 0 0 0 0 0 0 0 0 -1
8366 1520 15 1580 159 580 0 0 0 0 0 0 0 0 -1
8367 1521 20 1596 171 580 0 0 0 0 0 0 0 0 -1
8368 1523 27 1604 176 0 0 0 0 0 0 0 0 0 -1
8369 1534 33 1611 182 0 0 0 0 0 0 0 0 0 -1
8370 1551 35 1621 182 0 0 0 0 0 0 0 0 0 -1
8371 1566 39 1630 184 0 0 0 0 0 0 0 0 0 -1
8372 1570 46 1639 191 0 0 0 0 0 0 0 0 0 -1
8373 1575 50 1656 200 0 0 0 0 0 0 0 0 0 -1
8374 1583 53 1664 205 0 0 0 0 0 0 0 0 0 -1
8375 1603 61 1677 207 0 0 0 0 0 0 0 0 0 -1
8376 1617 66 1681 212 0 0 0 0 0 0 0 0 0 -1
8377 1622 72 1690 218 0 0 0 0 0 0 0 0 0 -1
8378 1625 74 1701 221 0 0 0 0 0 0 0 0 0 -1
8379 1641 78 1719 223 0 0 0 0 0 0 0 0 0 -1
8380 1657 81 1730 221 0 0 0 0 0 0 0 0 0 -1
8381 1665 87 1738 233 0 0 0 0 0 0 0 0 0 -1
8382 1669 92 1746 238 0 0 0 0 0 0 0 0 0 -1
8383 1674 101 1763 236 0 0 0 0 0 0 0 0 0 -1
8384 1689 105 1774 224 0 0 0 0 0 0 0 0 0 -1
8385 1714 111 1788 225 0 0 0 0 0 0 0 0 0 -1
8386 1722 116 1794 229 0 0 0 0 0 0 0 0 0 -1
8387 1728 123 1805 235 0 0 0 0 0 0 0 0 0 -1
8388 1740 131 1812 254 0 0 0 0 0 0 0 0 0 -1
8389 1763 139 1822 256 0 0 0 0 0 0 0 0 0 -1
8390 1770 141 1829 267 0 0 0 0 0 0 0 0 0 -1
8391 1770 147 1839 285 0 0 0 0 0 0 0 0 0 -1
8392 1776 153 1853 294 0 0 0 0 0 0 0 0 0 -1
8395 1811 176 1889 304 0 0 0 0 0 0 0 0 0 -1
8396 1814 181 1893 336 0 0 0 0 0 0 0 0 0 -1
8397 1822 189 1898 352 0 0 0 0 0 0 0 0 0 -1
8398 1833 195 1905 359 0 0 0 0 0 0 0 0 0 -1
8399 1841 202 1917 361 0 0 0 0 0 0 0 0 0 -1
8400 1842 208 1920 368 0 0 0 0 0 0 0 0 0 -1
8401 1844 217 1920 385 0 0 0 0 0 0 0 0 0 -1
8402 1848 228 1920 390 0 0 0 0 0 0 0 0 0 -1
14483 1321 17 1389 95 935 0 0 0 0 0 0 0 0 -1
14484 1328 15 1385 88 935 0 0 0 0 0 0 0 0 -1
14485 1326 12 1377 86 935 0 0 1 2 0 0 0 0 -1
14486 1315 11 1379 86 935 0 0 1 2 0 0 0 0 -1
14487 1318 6 1379 85 935 0 0 1 2 0 0 0 0 -1
14488 1318 6 1381 80 935 0 0 1 2 0 0 0 0 -1
14489 1324 12 1386 87 935 0 0 1 2 0 0 0 0 -1
14490 1329 14 1383 86 935 0 0 1 2 0 0 0 0 -1
15516 1864 249 1919 395 970 0 0 0 0 0 0 0 0 -1
15517 1856 238 1919 394 970 0 0 0 0 0 0 0 0 -1
15518 1841 233 1914 388 950 0 0 0 3 0 0 0 0 -1
15519 1836 224 1907 380 950 0 0 0 3 0 0 0 0 -1
15520 1834 212 1905 366 950 0 0 0 3 0 0 0 0 -1
15521 1830 206 1892 359 950 0 0 0 3 0 0 0 0 -1
15522 1827 201 1881 357 950 0 0 0 3 0 0 0 0 -1
15523 1814 206 1870 351 950 0 0 0 3 0 0 0 0 -1
15524 1806 191 1861 309 950 0 0 0 3 0 0 0 0 -1
15525 1799 186 1855 296 950 0 0 0 3 0 0 0 0 -1
15526 1788 171 1844 291 950 0 0 0 3 0 0 0 0 -1
15527 1780 166 1835 284 950 0 0 0 3 0 0 0 0 -1
15528 1770 160 1828 276 950 0 0 0 3 0 0 0 0 -1
15529 1764 154 1820 270 950 0 0 0 3 0 0 0 0 -1
15530 1760 148 1810 266 950 0 0 0 3 0 0 0 0 -1
15531 1755 143 1798 263 950 0 0 0 3 0 0 0 0 -1
15532 1744 138 1788 239 950 0 0 0 3 0 0 0 0 -1
15533 1733 132 1781 228 950 0 0 0 3 0 0 0 0 -1
15534 1723 126 1775 223 950 0 0 0 3 0 0 0 0 -1
15535 1710 121 1767 220 950 0 0 0 3 0 0 0 0 -1
15536 1696 117 1766 231 950 0 0 0 3 0 0 0 0 -1
15537 1690 117 1750 234 950 0 0 0 3 0 0 0 0 -1
15538 1677 101 1737 236 950 0 0 0 3 0 0 0 0 -1
15539 1656 91 1727 236 950 0 0 0 3 0 0 0 0 -1
15540 1648 87 1719 236 950 0 0 0 3 0 0 0 0 -1
15541 1645 87 1708 230 950 0 0 0 3 0 0 0 0 -1
15542 1634 86 1698 226 950 0 0 0 3 0 0 0 0 -1
15543 1622 85 1689 224 950 0 0 0 3 0 0 0 0 -1
15544 1615 77 1678 220 950 0 0 0 3 0 0 0 0 -1
15545 1612 76 1669 214 950 0 0 0 3 0 0 0 0 -1
15546 1596 77 1660 208 950 0 0 0 3 0 0 0 0 -1
15547 1581 73 1656 206 950 0 0 0 3 0 0 0 0 -1
15548 1574 67 1640 200 950 0 0 0 3 0 0 0 0 -1
15549 1574 59 1629 192 950 0 0 0 3 0 0 0 0 -1
15550 1563 49 1619 187 950 0 0 0 3 0 0 0 0 -1
15551 1549 44 1613 187 950 0 0 0 3 0 0 0 0 -1
15552 1540 40 1600 181 950 0 0 0 3 0 0 0 0 -1
15553 1536 37 1591 174 950 0 0 0 3 0 0 0 0 -1
15554 1527 32 1580 170 950 0 0 0 3 0 0 0 0 -1
15555 1516 28 1571 168 950 0 0 0 3 0 0 0 0 -1
15556 1510 25 1560 163 950 0 0 0 3 0 0 0 0 -1
15557 1510 29 1550 158 950 0 0 0 3 0 0 0 0 -1
15947 1509 29 1574 167 991 0 0 0 0 0 0 0 0 -1
15948 1512 33 1581 172 991 0 0 0 0 0 0 0 0 -1
15949 1526 37 1588 173 950 0 0 0 3 0 0 0 0 -1
15950 1537 42 1600 176 950 0 0 0 3 0 0 0 0 -1
15951 1542 46 1609 183 950 0 0 0 3 0 0 0 0 -1
15952 1548 76 1613 189 950 0 0 0 3 0 0 0 0 -1
15953 1557 75 1624 192 950 0 0 0 3 0 0 0 0 -1
15954 1574 75 1635 196 950 0 0 0 3 0 0 0 0 -1
15955 1582 75 1648 206 950 0 0 0 3 0 0 0 0 -1
15956 1589 81 1658 215 950 0 0 0 3 0 0 0 0 -1
15957 1598 85 1664 218 950 0 0 0 3 0 0 0 0 -1
15958 1613 88 1675 219 950 0 0 0 3 0 0 0 0 -1
15959 1619 87 1684 224 950 0 0 0 3 0 0 0 0 -1
15960 1622 97 1697 229 950 0 0 0 3 0 0 0 0 -1
15961 1630 100 1708 232 950 0 0 0 3 0 0 0 0 -1
15962 1648 93 1727 233 950 0 0 0 3 0 0 0 0 -1
15963 1663 95 1737 239 950 0 0 0 3 0 0 0 0 -1
15964 1671 110 1740 241 950 0 0 0 3 0 0 0 0 -1
15965 1676 118 1749 242 950 0 0 0 3 0 0 0 0 -1
15966 1697 122 1763 235 950 0 0 0 3 0 0 0 0 -1
15967 1710 125 1775 229 950 0 0 0 3 0 0 0 0 -1
15968 1735 134 1787 226 950 0 0 0 3 0 0 0 0 -1
15969 1746 141 1793 232 950 0 0 0 3 0 0 0 0 -1
15970 1758 151 1814 230 950 0 0 0 3 0 0 0 0 -1
15971 1765 156 1822 255 950 0 0 0 3 0 0 0 0 -1
15972 1769 164 1833 270 950 0 0 0 3 0 0 0 0 -1
15973 1772 168 1840 281 950 0 0 0 3 0 0 0 0 -1
15979 1820 210 1914 351 950 0 0 0 3 0 0 0 0 -1
15981 1827 227 1919 380 950 0 0 0 3 0 0 0 0 -1
15982 1838 236 1920 388 950 0 0 0 3 0 0 0 0 -1
15983 1853 248 1920 392 950 0 0 0 3 0 0 0 0 -1
15984 1857 264 1920 403 950 0 0 0 3 0 0 0 0 -1
15985 1859 283 1920 413 950 0 0 0 3 0 0 0 0 -1
23977 1352 986 1543 1079 1457 0 0 0 0 0 0 0 0 -1
23978 1359 973 1557 1078 1457 0 0 0 0 0 0 0 0 -1
23979 1362 953 1582 1077 1457 0 0 1 2 0 0 0 0 -1
23980 1356 934 1600 1076 1457 0 0 1 2 0 0 0 0 -1
23981 1348 904 1612 1076 1457 0 0 1 2 0 0 0 0 -1
23982 1338 877 1614 1077 1457 0 0 1 2 0 0 0 0 -1
23983 1333 846 1605 1077 1457 0 0 1 2 0 0 0 0 -1
23984 1331 817 1592 1077 1457 0 0 1 2 0 0 0 0 -1
23985 1333 785 1579 1077 1457 0 0 1 2 0 0 0 0 -1
23986 1347 758 1573 1077 1457 0 0 1 2 0 0 0 0 -1
23987 1352 734 1569 1046 1457 0 0 1 2 0 0 0 0 -1
23988 1354 716 1567 1024 1457 0 0 1 2 0 0 0 0 -1
23989 1354 701 1569 1014 1457 0 0 1 2 0 0 0 0 -1
23990 1354 692 1576 1008 1457 0 0 1 2 0 0 0 0 -1
23991 1354 682 1588 998 1457 0 0 1 2 0 0 0 0 -1
23992 1354 673 1600 979 1457 0 0 1 2 0 0 0 0 -1
23993 1362 656 1610 942 1457 0 0 1 2 0 0 0 0 -1
23994 1369 639 1612 928 1457 0 0 1 2 0 0 0 0 -1
23995 1379 619 1605 924 1457 0 0 1 2 0 0 0 0 -1
23996 1383 601 1595 922 1457 0 0 1 2 0 0 0 0 -1
23997 1375 579 1580 918 1457 0 0 1 2 0 0 0 0 -1
23998 1381 561 1572 901 1457 0 0 1 2 0 0 0 0 -1
23999 1383 542 1566 866 0 0 0 0 0 0 0 0 0 -1
24000 1385 532 1560 836 0 0 0 0 0 0 0 0 0 -1
24001 1383 522 1563 823 0 0 0 0 0 0 0 0 0 -1
24002 1382 516 1566 817 0 0 0 0 0 0 0 0 0 -1
24003 1382 510 1576 811 0 0 0 0 0 0 0 0 0 -1
24004 1383 505 1586 800 0 0 0 0 0 0 0 0 0 -1
24005 1390 495 1598 776 0 0 0 0 0 0 0 0 0 -1
24006 1399 485 1605 766 0 0 0 0 0 0 0 0 0 -1
24007 1411 472 1605 763 0 0 0 0 0 0 0 0 0 -1
24008 1416 461 1603 762 0 0 0 0 0 0 0 0 0 -1
24009 1413 444 1594 762 0 0 0 0 0 0 0 0 0 -1
24010 1412 430 1587 756 0 0 0 0 0 0 0 0 0 -1
24011 1423 414 1584 726 0 0 0 0 0 0 0 0 0 -1
24012 1427 404 1581 697 0 0 0 0 0 0 0 0 0 -1
24013 1428 395 1584 680 0 0 0 0 0 0 0 0 0 -1
24014 1429 390 1587 672 0 0 0 0 0 0 0 0 0 -1
24015 1429 389 1597 663 0 0 0 0 0 0 0 0 0 -1
24016 1429 387 1607 653 0 0 0 0 0 0 0 0 0 -1
24017 1438 379 1616 637 0 0 0 0 0 0 0 0 0 -1
24018 1446 372 1620 632 0 0 0 0 0 0 0 0 0 -1
24019 1453 363 1619 631 0 0 0 0 0 0 0 0 0 -1
24020 1456 355 1616 632 0 0 0 0 0 0 0 0 0 -1
24021 1457 344 1610 630 0 0 0 0 0 0 0 0 0 -1
24022 1463 334 1606 624 0 0 0 0 0 0 0 0 0 -1
24023 1470 325 1603 599 0 0 0 0 0 0 0 0 0 -1
24024 1473 320 1602 580 0 0 0 0 0 0 0 0 0 -1
24025 1473 315 1606 568 0 0 0 0 0 0 0 0 0 -1
24026 1473 313 1611 562 0 0 0 0 0 0 0 0 0 -1
24027 1473 313 1620 556 0 0 0 0 0 0 0 0 0 -1
24028 1473 314 1629 550 0 0 0 0 0 0 0 0 0 -1
24029 1479 312 1638 542 0 0 0 0 0 0 0 0 0 -1
24030 1487 307 1644 540 0 0 0 0 0 0 0 0 0 -1
24031 1491 301 1645 540 0 0 0 0 0 0 0 0 0 -1
24032 1492 297 1643 540 0 0 0 0 0 0 0 0 0 -1
24033 1491 288 1636 540 0 0 0 0 0 0 0 0 0 -1
24034 1491 279 1631 539 0 0 0 0 0 0 0 0 0 -1
24035 1503 268 1626 529 0 0 0 0 0 0 0 0 0 -1
24036 1509 261 1622 510 0 0 0 0 0 0 0 0 0 -1
24037 1511 255 1619 492 0 0 0 0 0 0 0 0 0 -1
24038 1511 251 1618 483 0 0 0 0 0 0 0 0 0 -1
24039 1509 250 1620 479 0 0 0 0 0 0 0 0 0 -1
24040 1509 248 1624 475 0 0 0 0 0 0 0 0 0 -1
24041 1511 247 1631 468 0 0 0 0 0 0 0 0 0 -1
24042 1513 245 1636 463 0 0 0 0 0 0 0 0 0 -1
24043 1514 240 1640 455 0 0 0 0 0 0 0 0 0 -1
24044 1512 234 1640 453 0 0 0 0 0 0 0 0 0 -1
24045 1512 228 1639 451 0 0 0 0 0 0 0 0 0 -1
24046 1510 223 1633 450 0 0 0 0 0 0 0 0 0 -1
24047 1501 215 1624 447 0 0 0 0 0 0 0 0 0 -1
24048 1500 207 1619 440 0 0 0 0 0 0 0 0 0 -1
24049 1505 200 1613 420 0 0 0 0 0 0 0 0 0 -1
24050 1507 196 1609 407 0 0 0 0 0 0 0 0 0 -1
24051 1507 191 1609 401 0 0 0 0 0 0 0 0 0 -1
24052 1507 191 1611 398 0 0 0 0 0 0 0 0 0 -1
24053 1507 191 1614 394 0 0 0 0 0 0 0 0 0 -1
24054 1508 190 1617 390 0 0 0 0 0 0 0 0 0 -1
24055 1511 187 1622 382 0 0 0 0 0 0 0 0 0 -1
24056 1510 184 1623 381 0 0 0 0 0 0 0 0 0 -1
24057 1509 178 1621 380 0 0 0 0 0 0 0 0 0 -1
24058 1510 175 1618 380 0 0 0 0 0 0 0 0 0 -1
24059 1503 169 1612 379 0 0 0 0 0 0 0 0 0 -1
24060 1501 162 1606 375 0 0 0 0 0 0 0 0 0 -1
24061 1507 155 1603 358 0 0 0 0 0 0 0 0 0 -1
24062 1510 151 1601 347 0 0 0 0 0 0 0 0 0 -1
24063 1512 149 1600 338 0 0 0 0 0 0 0 0 0 -1
24064 1513 149 1599 335 0 0 0 0 0 0 0 0 0 -1
24065 1511 148 1601 332 0 0 0 0 0 0 0 0 0 -1
24066 1510 149 1606 329 0 0 0 0 0 0 0 0 0 -1
24067 1512 148 1611 324 0 0 0 0 0 0 0 0 0 -1
24068 1513 146 1614 321 0 0 0 0 0 0 0 0 0 -1
24069 1513 143 1615 321 0 0 0 0 0 0 0 0 0 -1
24070 1515 139 1614 321 0 0 0 0 0 0 0 0 0 -1
24071 1516 133 1610 321 0 0 0 0 0 0 0 0 0 -1
24072 1514 128 1605 320 0 0 0 0 0 0 0 0 0 -1
24073 1515 124 1602 312 0 0 0 0 0 0 0 0 0 -1
24074 1517 120 1601 300 0 0 0 0 0 0 0 0 0 -1
24075 1518 117 1600 292 0 0 0 0 0 0 0 0 0 -1
24076 1519 115 1600 288 0 0 0 0 0 0 0 0 0 -1
24077 1519 116 1604 285 0 0 0 0 0 0 0 0 0 -1
24078 1518 119 1609 284 0 0 0 0 0 0 0 0 0 -1
24079 1520 119 1615 283 0 0 0 0 0 0 0 0 0 -1
24080 1525 116 1619 282 0 0 0 0 0 0 0 0 0 -1
24081 1529 114 1620 282 0 0 0 0 0 0 0 0 0 -1
24082 1531 114 1620 283 0 0 0 0 0 0 0 0 0 -1
24083 1529 112 1617 283 0 0 0 0 0 0 0 0 0 -1
24084 1529 108 1615 281 0 0 0 0 0 0 0 0 0 -1
24085 1537 104 1614 274 0 0 0 0 0 0 0 0 0 -1
24086 1542 100 1612 266 0 0 0 0 0 0 0 0 0 -1
24087 1544 98 1612 260 0 0 0 0 0 0 0 0 0 -1
24088 1545 97 1612 256 0 0 0 0 0 0 0 0 0 -1
24089 1543 97 1613 253 0 0 0 0 0 0 0 0 0 -1
24090 1544 99 1616 252 0 0 0 0 0 0 0 0 0 -1
24091 1543 98 1623 251 0 0 0 0 0 0 0 0 0 -1
24092 1546 97 1627 249 0 0 0 0 0 0 0 0 0 -1
24093 1546 95 1628 250 0 0 0 0 0 0 0 0 0 -1
24094 1547 93 1627 250 0 0 0 0 0 0 0 0 0 -1
24095 1543 92 1624 251 0 0 0 0 0 0 0 0 0 -1
24096 1537 89 1620 250 0 0 0 0 0 0 0 0 0 -1
24097 1540 83 1617 241 0 0 0 0 0 0 0 0 0 -1
24098 1546 80 1614 231 0 0 0 0 0 0 0 0 0 -1
24099 1547 77 1611 225 0 0 0 0 0 0 0 0 0 -1
24100 1548 76 1610 223 0 0 0 0 0 0 0 0 0 -1
24101 1547 74 1608 220 0 0 0 0 0 0 0 0 0 -1
24102 1547 73 1608 219 0 0 0 0 0 0 0 0 0 -1
24103 1548 73 1610 216 0 0 0 0 0 0 0 0 0 -1
24104 1547 72 1612 214 0 0 0 0 0 0 0 0 0 -1
24105 1543 68 1612 209 0 0 0 0 0 0 0 0 0 -1
24106 1536 66 1610 208 0 0 0 0 0 0 0 0 0 -1
24107 1531 64 1606 207 0 0 0 0 0 0 0 0 0 -1
24108 1527 62 1603 207 0 0 0 0 0 0 0 0 0 -1
24109 1525 58 1596 205 0 0 0 0 0 0 0 0 0 -1
24110 1524 54 1591 199 0 0 0 0 0 0 0 0 0 -1
24111 1524 50 1587 189 0 0 0 0 0 0 0 0 0 -1
24112 1524 48 1584 186 0 0 0 0 0 0 0 0 0 -1
24113 1522 48 1582 184 0 0 0 0 0 0 0 0 0 -1
24114 1521 47 1581 184 0 0 0 0 0 0 0 0 0 -1
24115 1520 46 1580 182 0 0 0 0 0 0 0 0 0 -1
24116 1522 45 1579 180 0 0 0 0 0 0 0 0 0 -1
24117 1523 42 1578 175 0 0 0 0 0 0 0 0 0 -1
24118 1519 41 1576 170 0 0 0 0 0 0 0 0 0 -1
24119 1511 39 1574 168 0 0 0 0 0 0 0 0 0 -1
24120 1514 37 1571 169 0 0 0 0 0 0 0 0 0 -1
24121 1518 34 1565 169 0 0 0 0 0 0 0 0 0 -1
24122 1518 38 1558 168 0 0 0 0 0 0 0 0 0 -1
24123 1516 60 1550 162 0 0 0 0 0 0 0 0 0 -1
24871 1509 29 1567 158 1499 0 0 0 0 0 0 0 0 -1
24872 1508 30 1569 164 1499 0 0 0 0 0 0 0 0 -1
24873 1510 32 1570 170 1499 0 0 1 1 0 0 0 0 -1
24874 1507 34 1571 172 1499 0 0 1 1 0 0 0 0 -1
24875 1507 36 1575 173 1499 0 0 1 1 0 0 0 0 -1
24876 1516 39 1581 173 1499 0 0 1 1 0 0 0 0 -1
24877 1521 40 1585 171 1499 0 0 1 1 0 0 0 0 -1
24878 1523 44 1587 178 1499 0 0 1 1 0 0 0 0 -1
24879 1523 48 1586 184 1499 0 0 1 1 0 0 0 0 -1
24880 1523 52 1589 191 1499 0 0 1 1 0 0 0 0 -1
24881 1522 55 1595 193 1499 0 0 1 1 0 0 0 0 -1
24882 1524 57 1601 194 1499 0 0 1 1 0 0 0 0 -1
24883 1528 59 1605 194 1499 0 0 1 1 0 0 0 0 -1
24884 1535 60 1608 195 1499 0 0 1 1 0 0 0 0 -1
24885 1539 62 1609 196 1499 0 0 1 1 0 0 0 0 -1
24886 1540 63 1610 199 1499 0 0 1 1 0 0 0 0 -1
24887 1539 64 1611 201 1499 0 0 1 1 0 0 0 0 -1
24888 1538 65 1612 203 1499 0 0 1 1 0 0 0 0 -1
24889 1539 66 1613 203 1499 0 0 1 1 0 0 0 0 -1
24890 1538 69 1615 211 1499 0 0 1 1 0 0 0 0 -1
24891 1538 74 1616 220 1499 0 0 1 1 0 0 0 0 -1
24892 1538 79 1618 228 1499 0 0 1 1 0 0 0 0 -1
24893 1537 85 1623 232 1454 0 0 1 2 0 0 0 0 -1
24894 1539 88 1628 233 1454 0 0 1 2 0 0 0 0 -1
24895 1543 90 1630 233 1454 0 0 1 2 0 0 0 0 -1
24896 1548 93 1632 232 1454 0 0 1 2 0 0 0 0 -1
24897 1551 93 1632 234 1454 0 0 1 2 0 0 0 0 -1
24898 1551 93 1632 235 1454 0 0 1 2 0 0 0 0 -1
24899 1550 91 1632 237 1454 0 0 1 2 0 0 0 0 -1
24900 1547 91 1631 238 1454 0 0 1 2 0 0 0 0 -1
24901 1547 91 1631 240 1454 0 0 1 2 0 0 0 0 -1
24902 1546 92 1637 241 1454 0 0 1 2 0 0 0 0 -1
24903 1547 93 1641 250 1454 0 0 1 2 0 0 0 0 -1
24904 1547 99 1644 259 1454 0 0 1 2 0 0 0 0 -1
24905 1547 104 1645 266 1454 0 0 1 2 0 0 0 0 -1
24906 1547 109 1644 270 1454 0 0 1 2 0 0 0 0 -1
24907 1549 111 1646 271 1454 0 0 1 2 0 0 0 0 -1
24908 1554 115 1649 271 1454 0 0 1 2 0 0 0 0 -1
24909 1557 116 1651 271 1454 0 0 1 2 0 0 0 0 -1
24910 1558 117 1651 273 1454 0 0 1 2 0 0 0 0 -1
24911 1559 118 1650 275 1454 0 0 1 2 0 0 0 0 -1
24912 1555 119 1648 277 1454 0 0 1 2 0 0 0 0 -1
24913 1554 119 1646 278 0 0 0 0 0 0 0 0 0 -1
24914 1553 120 1647 279 0 0 0 0 0 0 0 0 0 -1
24915 1553 121 1647 286 0 0 0 0 0 0 0 0 0 -1
24916 1552 126 1650 298 0 0 0 0 0 0 0 0 0 -1
24917 1552 131 1650 306 0 0 0 0 0 0 0 0 0 -1
24918 1552 139 1650 312 0 0 0 0 0 0 0 0 0 -1
24919 1553 143 1653 314 0 0 0 0 0 0 0 0 0 -1
24920 1556 146 1657 315 0 0 0 0 0 0 0 0 0 -1
24921 1557 146 1659 315 0 0 0 0 0 0 0 0 0 -1
24922 1556 147 1660 316 0 0 0 0 0 0 0 0 0 -1
24923 1554 148 1660 317 0 0 0 0 0 0 0 0 0 -1
24924 1550 147 1657 318 0 0 0 0 0 0 0 0 0 -1
24925 1547 148 1654 319 0 0 0 0 0 0 0 0 0 -1
24926 1546 149 1651 319 0 0 0 0 0 0 0 0 0 -1
24927 1545 151 1651 327 0 0 0 0 0 0 0 0 0 -1
24928 1545 157 1652 345 0 0 0 0 0 0 0 0 0 -1
24929 1545 163 1661 357 0 0 0 0 0 0 0 0 0 -1
24930 1545 171 1667 362 0 0 0 0 0 0 0 0 0 -1
24931 1548 176 1668 364 0 0 0 0 0 0 0 0 0 -1
24932 1554 179 1671 365 0 0 0 0 0 0 0 0 0 -1
24933 1559 182 1674 366 0 0 0 0 0 0 0 0 0 -1
24934 1562 184 1676 369 0 0 0 0 0 0 0 0 0 -1
24935 1562 185 1675 373 0 0 0 0 0 0 0 0 0 -1
24936 1557 186 1672 375 0 0 0 0 0 0 0 0 0 -1
24937 1554 187 1672 377 0 0 0 0 0 0 0 0 0 -1
24938 1553 187 1669 379 0 0 0 0 0 0 0 0 0 -1
24939 1553 189 1673 379 0 0 0 0 0 0 0 0 0 -1
24940 1552 194 1678 396 0 0 0 0 0 0 0 0 0 -1
24941 1552 201 1679 410 0 0 0 0 0 0 0 0 0 -1
24942 1552 210 1677 425 0 0 0 0 0 0 0 0 0 -1
24943 1553 218 1679 430 0 0 0 0 0 0 0 0 0 -1
24944 1555 226 1683 432 0 0 0 0 0 0 0 0 0 -1
24945 1558 230 1687 433 0 0 0 0 0 0 0 0 0 -1
24946 1560 233 1689 433 0 0 0 0 0 0 0 0 0 -1
24947 1558 234 1690 433 0 0 0 0 0 0 0 0 0 -1
24948 1554 236 1688 439 0 0 0 0 0 0 0 0 0 -1
24949 1549 237 1683 441 0 0 0 0 0 0 0 0 0 -1
24950 1544 237 1677 443 0 0 0 0 0 0 0 0 0 -1
24951 1543 238 1672 444 0 0 0 0 0 0 0 0 0 -1
24952 1542 241 1670 457 0 0 0 0 0 0 0 0 0 -1
24953 1542 246 1671 474 0 0 0 0 0 0 0 0 0 -1
24954 1543 255 1672 486 0 0 0 0 0 0 0 0 0 -1
24955 1543 264 1674 499 0 0 0 0 0 0 0 0 0 -1
24956 1543 273 1677 505 0 0 0 0 0 0 0 0 0 -1
24957 1544 278 1679 507 0 0 0 0 0 0 0 0 0 -1
24958 1542 279 1680 507 0 0 0 0 0 0 0 0 0 -1
24959 1538 279 1680 507 0 0 0 0 0 0 0 0 0 -1
24960 1523 281 1678 507 0 0 0 0 0 0 0 0 0 -1
24961 1516 280 1675 507 0 0 0 0 0 0 0 0 0 -1
24962 1508 284 1668 509 0 0 0 0 0 0 0 0 0 -1
24963 1506 287 1661 510 0 0 0 0 0 0 0 0 0 -1
24964 1505 291 1656 521 0 0 0 0 0 0 0 0 0 -1
24965 1505 298 1657 543 0 0 0 0 0 0 0 0 0 -1
24966 1504 309 1656 563 0 0 0 0 0 0 0 0 0 -1
24967 1504 320 1654 580 0 0 0 0 0 0 0 0 0 -1
24968 1505 333 1657 586 0 0 0 0 0 0 0 0 0 -1
24969 1508 339 1661 588 0 0 0 0 0 0 0 0 0 -1
24970 1505 344 1664 589 0 0 0 0 0 0 0 0 0 -1
24971 1497 347 1663 589 0 0 0 0 0 0 0 0 0 -1
24972 1481 351 1661 591 0 0 0 0 0 0 0 0 0 -1
24973 1475 353 1655 593 0 0 0 0 0 0 0 0 0 -1
24974 1465 356 1647 598 0 0 0 0 0 0 0 0 0 -1
24975 1460 357 1639 600 0 0 0 0 0 0 0 0 0 -1
24976 1459 361 1635 605 0 0 0 0 0 0 0 0 0 -1
24977 1458 368 1642 631 0 0 0 0 0 0 0 0 0 -1
24978 1458 381 1649 662 0 0 0 0 0 0 0 0 0 -1
24979 1458 394 1653 683 0 0 0 0 0 0 0 0 0 -1
24980 1459 412 1651 696 0 0 0 0 0 0 0 0 0 -1
24981 1464 424 1653 701 0 0 0 0 0 0 0 0 0 -1
24982 1468 433 1658 702 0 0 0 0 0 0 0 0 0 -1
24983 1465 439 1660 703 0 0 0 0 0 0 0 0 0 -1
24984 1453 446 1659 711 0 0 0 0 0 0 0 0 0 -1
24985 1445 450 1656 720 0 0 0 0 0 0 0 0 0 -1
24986 1435 454 1650 728 0 0 0 0 0 0 0 0 0 -1
24987 1429 458 1644 733 0 0 0 0 0 0 0 0 0 -1
24988 1426 464 1635 734 0 0 0 0 0 0 0 0 0 -1
24989 1425 471 1632 734 0 0 0 0 0 0 0 0 0 -1
24990 1426 486 1637 773 0 0 0 0 0 0 0 0 0 -1
24991 1426 501 1638 805 0 0 0 0 0 0 0 0 0 -1
24992 1425 523 1639 833 0 0 0 0 0 0 0 0 0 -1
24993 1426 541 1647 845 0 0 0 0 0 0 0 0 0 -1
24994 1431 560 1659 849 0 0 0 0 0 0 0 0 0 -1
24995 1435 571 1665 851 0 0 0 0 0 0 0 0 0 -1
24996 1432 583 1669 851 0 0 0 0 0 0 0 0 0 -1
24997 1425 593 1669 858 0 0 0 0 0 0 0 0 0 -1
24998 1415 602 1664 882 0 0 0 0 0 0 0 0 0 -1
24999 1406 608 1658 896 0 0 0 0 0 0 0 0 0 -1
25000 1397 616 1649 904 0 0 0 0 0 0 0 0 0 -1
25001 1394 625 1640 906 0 0 0 0 0 0 0 0 0 -1
25002 1393 642 1635 907 0 0 0 0 0 0 0 0 0 -1
25003 1392 660 1635 933 0 0 0 0 0 0 0 0 0 -1
25004 1393 690 1640 986 0 0 0 0 0 0 0 0 0 -1
25005 1393 717 1645 1020 0 0 0 0 0 0 0 0 0 -1
25006 1392 749 1654 1035 0 0 0 0 0 0 0 0 0 -1
25007 1396 769 1662 1038 0 0 0 0 0 0 0 0 0 -1
25008 1399 786 1668 1040 0 0 0 0 0 0 0 0 0 -1
25009 1390 798 1671 1043 0 0 0 0 0 0 0 0 0 -1
25010 1370 809 1666 1059 0 0 0 0 0 0 0 0 0 -1
25011 1353 817 1659 1075 0 0 0 0 0 0 0 0 0 -1
25012 1336 828 1640 1080 0 0 0 0 0 0 0 0 0 -1
25013 1330 838 1623 1080 0 0 0 0 0 0 0 0 0 -1
25014 1327 857 1625 1080 0 0 0 0 0 0 0 0 0 -1
25015 1327 876 1643 1080 0 0 0 0 0 0 0 0 0 -1
25016 1369 909 1656 1080 0 0 0 0 0 0 0 0 0 -1
25017 1382 940 1656 1079 0 0 0 0 0 0 0 0 0 -1
25018 1386 983 1629 1079 0 0 0 0 0 0 0 0 0 -1
25019 1359 1008 1625 1079 0 0 0 0 0 0 0 0 0 -1
27395 1865 217 1919 344 1571 0 0 0 0 0 0 0 0 -1
27396 1854 210 1919 343 1571 0 0 0 0 0 0 0 0 -1
27397 1846 201 1916 340 950 0 0 0 3 0 0 0 0 -1
27398 1844 195 1912 335 950 0 0 0 3 0 0 0 0 -1
27421 1674 88 1730 228 1574 0 0 0 0 0 0 0 0 -1
27422 1667 88 1725 229 1574 0 0 0 0 0 0 0 0 -1
27423 1643 89 1716 227 950 0 0 0 3 0 0 0 0 -1
27424 1634 88 1705 223 950 0 0 0 3 0 0 0 0 -1
27425 1633 90 1695 215 950 0 0 0 3 0 0 0 0 -1
27426 1631 78 1685 210 950 0 0 0 3 0 0 0 0 -1
27427 1611 74 1677 208 950 0 0 0 3 0 0 0 0 -1
27428 1600 74 1669 206 950 0 0 0 3 0 0 0 0 -1
27429 1595 74 1660 201 950 0 0 0 3 0 0 0 0 -1
27430 1595 72 1652 193 950 0 0 0 3 0 0 0 0 -1
27431 1586 64 1646 193 950 0 0 0 3 0 0 0 0 -1
27432 1570 60 1639 192 950 0 0 0 3 0 0 0 0 -1
27433 1564 52 1627 189 950 0 0 0 3 0 0 0 0 -1
27434 1562 46 1621 183 950 0 0 0 3 0 0 0 0 -1
27435 1558 40 1610 177 950 0 0 0 3 0 0 0 0 -1
27436 1542 36 1602 175 950 0 0 0 3 0 0 0 0 -1
27437 1529 33 1592 171 950 0 0 0 3 0 0 0 0 -1
27438 1525 30 1583 167 950 0 0 0 3 0 0 0 0 -1
27439 1523 28 1576 162 950 0 0 0 3 0 0 0 0 -1
27440 1520 24 1569 161 950 0 0 0 3 0 0 0 0 -1
27441 1516 22 1559 161 950 0 0 0 3 0 0 0 0 -1
27442 1515 26 1549 159 950 0 0 0 3 0 0 0 0 -1
27936 1515 32 1574 171 1584 0 0 0 0 0 0 0 0 -1
27937 1515 36 1585 175 1584 0 0 0 0 0 0 0 0 -1
27938 1525 39 1594 177 950 0 0 0 3 0 0 0 0 -1
27939 1542 42 1605 178 950 0 0 0 3 0 0 0 0 -1
27940 1548 82 1607 181 950 0 0 0 3 0 0 0 0 -1
27941 1551 95 1616 187 950 0 0 0 3 0 0 0 0 -1
27942 1560 94 1623 189 950 0 0 0 3 0 0 0 0 -1
27944 1587 71 1655 201 1588 0 0 0 0 0 0 0 0 -1
27945 1590 78 1660 210 1588 0 0 0 0 0 0 0 0 -1
27946 1595 78 1667 213 950 0 0 0 3 0 0 0 0 -1
27947 1615 80 1679 213 950 0 0 0 3 0 0 0 0 -1
27948 1627 84 1688 215 950 0 0 0 3 0 0 0 0 -1
27949 1632 89 1703 221 950 0 0 0 3 0 0 0 0 -1
27950 1637 90 1723 225 950 0 0 0 3 0 0 0 0 -1
27951 1651 90 1730 229 950 0 0 0 3 0 0 0 0 -1
27952 1668 89 1740 231 950 0 0 0 3 0 0 0 0 -1
27953 1676 99 1746 237 950 0 0 0 3 0 0 0 0 -1
27956 1713 117 1769 222 950 0 0 0 3 0 0 0 0 -1
27957 1724 121 1785 224 950 0 0 0 3 0 0 0 0 -1
27958 1735 126 1791 227 950 0 0 0 3 0 0 0 0 -1
27959 1752 133 1802 229 950 0 0 0 3 0 0 0 0 -1
27960 1766 136 1813 232 950 0 0 0 3 0 0 0 0 -1
27974 1861 212 1918 339 1595 0 0 0 0 0 0 0 0 -1
27975 1863 220 1919 342 1595 0 0 0 0 0 0 0 0 -1
27976 1866 228 1919 349 950 0 0 0 3 0 0 0 0 -1
30261 1320 19 1388 92 1634 0 0 0 0 0 0 0 0 -1
30262 1328 16 1384 88 1634 0 0 0 0 0 0 0 0 -1
30263 1329 13 1384 85 935 0 0 1 2 0 0 0 0 -1
30264 1317 12 1380 86 935 0 0 1 2 0 0 0 0 -1
30265 1318 7 1379 88 935 0 0 1 2 0 0 0 0 -1
30266 1318 7 1381 82 935 0 0 1 2 0 0 0 0 -1
30267 1324 12 1385 86 935 0 0 1 2 0 0 0 0 -1
30268 1328 13 1384 86 935 0 0 1 2 0 0 0 0 -1
34563 1322 17 1387 94 1730 0 0 0 0 0 0 0 0 -1
34564 1329 16 1384 88 1730 0 0 0 0 0 0 0 0 -1
34565 1327 14 1381 86 935 0 0 1 2 0 0 0 0 -1
34566 1316 13 1379 86 935 0 0 1 2 0 0 0 0 -1
34567 1319 8 1381 84 935 0 0 1 2 0 0 0 0 -1
34568 1318 7 1381 82 935 0 0 1 2 0 0 0 0 -1
34569 1323 12 1386 89 935 0 0 1 2 0 0 0 0 -1
34570 1327 11 1390 88 935 0 0 1 2 0 0 0 0 -1
